100
88
9
89
10
90
8
90
9
90
10
-1
89
8
89
10
90
9
90
10
91
9
-1
89
10
90
8
90
10
91
9
91
10
-1
89
9
90
10
90
11
91
9
91
10
-1
89
10
90
11
91
9
91
10
91
11
-1
90
9
90
11
91
10
91
11
92
10
-1
90
11
91
9
91
11
92
10
92
11
-1
90
10
91
11
91
12
92
10
92
11
-1
90
11
91
12
92
10
92
11
92
12
-1
91
10
91
12
92
11
92
12
93
11
-1
91
12
92
10
92
12
93
11
93
12
-1
91
11
92
12
92
13
93
11
93
12
-1
91
12
92
13
93
11
93
12
93
13
-1
92
11
92
13
93
12
93
13
94
12
-1
92
13
93
11
93
13
94
12
94
13
-1
92
12
93
13
93
14
94
12
94
13
-1
92
13
93
14
94
12
94
13
94
14
-1
93
12
93
14
94
13
94
14
95
13
-1
93
14
94
12
94
14
95
13
95
14
-1
93
13
94
14
94
15
95
13
95
14
-1
93
14
94
15
95
13
95
14
95
15
-1
94
13
94
15
95
14
95
15
96
14
-1
94
15
95
13
95
15
96
14
96
15
-1
94
14
95
15
95
16
96
14
96
15
-1
94
15
95
16
96
14
96
15
96
16
-1
95
14
95
16
96
15
96
16
97
15
-1
95
16
96
14
96
16
97
15
97
16
-1
95
15
96
16
96
17
97
15
97
16
-1
95
16
96
17
97
15
97
16
97
17
-1
96
15
96
17
97
16
97
17
98
16
-1
96
17
97
15
97
17
98
16
98
17
-1
96
16
97
17
97
18
98
16
98
17
-1
96
17
97
18
98
16
98
17
98
18
-1
97
16
97
18
98
17
98
18
99
17
-1
97
18
98
16
98
18
99
17
99
18
-1
97
17
98
18
98
19
99
17
99
18
-1
97
18
98
19
99
17
99
18
99
19
-1
98
17
98
19
99
18
99
19
-1
98
19
99
18
99
19
-1
98
18
98
19
99
18
99
19
-1
98
18
98
19
99
18
99
19
-1
finished
